,mario_draghi,christine_lagarde,euro,european_central_bank
2012-01-01,25.0,,11,89
2012-02-01,25.0,,11,99
2012-03-01,15.0,,10,77
2012-04-01,23.0,,11,74
2012-05-01,22.0,,17,86
2012-06-01,30.0,,56,64
2012-07-01,64.0,,17,93
2012-08-01,66.0,,12,75
2012-09-01,93.0,,11,90
2012-10-01,88.0,,10,79
2012-11-01,35.0,,10,74
2012-12-01,22.0,,10,73
2013-01-01,34.0,,10,68
2013-02-01,37.0,,10,68
2013-03-01,26.0,,10,73
2013-04-01,29.0,,9,79
2013-05-01,28.0,,10,66
2013-06-01,19.0,,11,65
2013-07-01,20.0,,11,46
2013-08-01,11.0,,10,41
2013-09-01,18.0,,10,46
2013-10-01,18.0,,10,60
2013-11-01,18.0,,10,82
2013-12-01,14.0,,10,55
2014-01-01,19.0,,11,75
2014-02-01,17.0,,10,54
2014-03-01,18.0,,10,58
2014-04-01,24.0,,10,61
2014-05-01,22.0,,11,60
2014-06-01,30.0,,11,66
2014-07-01,13.0,,11,68
2014-08-01,28.0,,11,46
2014-09-01,47.0,,11,61
2014-10-01,38.0,,11,74
2014-11-01,39.0,,11,86
2014-12-01,29.0,,11,66
2015-01-01,100.0,,14,100
2015-02-01,29.0,,12,68
2015-03-01,42.0,,13,86
2015-04-01,80.0,,12,75
2015-05-01,18.0,,13,67
2015-06-01,28.0,,14,63
2015-07-01,40.0,,14,52
2015-08-01,11.0,,13,41
2015-09-01,23.0,,13,49
2015-10-01,26.0,,12,58
2015-11-01,29.0,,12,58
2015-12-01,38.0,,13,64
2016-01-01,33.0,,12,51
2016-02-01,25.0,,11,59
2016-03-01,51.0,,12,71
2016-04-01,28.0,,12,61
2016-05-01,16.0,,14,49
2016-06-01,22.0,,87,58
2016-07-01,21.0,,36,64
2016-08-01,8.0,,12,37
2016-09-01,27.0,,11,57
2016-10-01,13.0,,11,50
2016-11-01,16.0,,12,44
2016-12-01,18.0,,11,54
2017-01-01,12.0,,12,51
2017-02-01,19.0,,11,46
2017-03-01,17.0,,11,62
2017-04-01,15.0,,11,47
2017-05-01,19.0,,12,50
2017-06-01,20.0,,12,47
2017-07-01,16.0,,12,35
2017-08-01,19.0,,13,41
2017-09-01,21.0,,13,67
2017-10-01,21.0,,12,76
2017-11-01,22.0,,12,59
2017-12-01,13.0,,12,36
2018-01-01,17.0,,13,55
2018-02-01,24.0,,13,57
2018-03-01,17.0,,12,50
2018-04-01,12.0,,12,51
2018-05-01,21.0,,14,60
2018-06-01,19.0,,14,43
2018-07-01,11.0,,15,40
2018-08-01,6.0,,18,36
2018-09-01,20.0,,15,36
2018-10-01,23.0,,14,52
2018-11-01,15.0,,14,44
2018-12-01,20.0,,13,51
2019-01-01,21.0,,14,47
2019-02-01,14.0,,13,39
2019-03-01,21.0,,14,46
2019-04-01,15.0,,13,49
2019-05-01,13.0,,13,44
2019-06-01,36.0,,15,43
2019-07-01,22.0,,15,57
2019-08-01,13.0,,16,29
2019-09-01,43.0,,16,49
2019-10-01,60.0,,15,54
2019-11-01,,,16,48
2019-12-01,,13.0,14,42
2020-01-01,,,15,50
2020-02-01,,,15,49
2020-03-01,,10.0,16,51
2020-04-01,,,14,58
2020-05-01,,,13,45
2020-06-01,,,14,43
2020-07-01,,,14,39
2020-08-01,,,14,28
2020-09-01,,,14,44
2020-10-01,,,13,41
2020-11-01,,9.0,15,37
2020-12-01,,,14,41
2021-01-01,,,13,33
2021-02-01,,,14,42
2021-03-01,,,15,39
2021-04-01,,,15,38
2021-05-01,,,16,46
2021-06-01,,,100,30
2021-07-01,,,49,31
2021-08-01,,5.0,15,35
